67
27
50
94
1
56
37
35
86
30
29
39
15
10
52
30
4
2
3
81
93
29
87
14
0
55
42
80
2
78
77
1
9
57
1
93
4
96
33
52
51
41
37
1
27
2
41
0
82
75
5
70
12
83
45
30
61
59
90
62
3
55
64
84
52
18
23
49
1
9
25
29
6
95
78
45
45
0
34
69
11
36
60
40
70
72
53
27
74
72
29
84
47
31
53
77
87
72
53
64
58
14
77
20
82
0
3
81
86
44
53
54
74
65
10
5
36
66
51
77
62
82
98
20
8
39
31
59
63
85
87
95
96
8
86
62
99
76
98
23
84
88
82
6
3
98
69
72
16
0
43
44
50
29
54
48
73
54
63
87
59
91
37
7
36
57
3
22
26
83
53
18
16
94
79
2
67
51
54
98
51
43
9
91
77
25
50
51
66
96
79
72
56
47
30
47
12
80
56
97
14
13
65
94
30
74
78
18
82
27
21
69
18
73
50
11
28
38
31
81
14
10
54
95
73
21
91
75
89
39
49
26
41
6
90
71
94
39
34
86
75
20
38
55
63
22
1
67
54
27
84
10
23
51
20
68
99
50
64
51
52
14
11
71
48
9
35
29
9
61
20
21
46
4
24
70
40
5
23
48
0
18
56
98
92
60
70
78
41
95
69
75
75
93
85
34
21
84
54
13
81
25
10
95
56
93
24
76
39
46
38
78
13
90
46
50
41
72
71
54
12
71
10
8
76
89
55
39
96
81
65
25
23
46
94
86
25
13
50
36
14
86
16
96
82
58
99
89
38
23
51
84
92
13
90
20
17
26
18
52
8
26
45
55
0
33
80
40
52
97
46
6
55
12
69
95
86
11
11
18
27
50
38
63
75
9
6
33
16
7
41
51
78
69
81
54
94
9
58
42
6
49
39
91
56
96
47
19
74
45
25
51
51
76
53
60
88
46
42
82
59
36
12
0
21
3
7
54
99
43
14
47
22
33
59
9
71
47
92
80
74
49
71
76
48
42
15
99
97
6
78
19
84
89
39
68
18
0
89
15
17
69
11
56
81
69
24
66
82
17
83
73
9
49
3
87
61
31
20
0
90
67
13
12
6
87
19
7
40
76
40
70
58
82
18
5
46
61
23
45
47
20
0
26
12
86
2
17
98
76
53
10
93
66
8
50
20
50
75
13
40
83
64
57
28
11
77
53
10
97
3
26
0
10
28
89
30
19
95
67
44
67
84
77
55
24
23
59
40
17
11
97
57
93
96
98
69
22
74
93
36
1
46
73
96
31
70
36
43
10
12
80
69
59
60
19
82
11
38
89
17
56
28
60
76
54
82
56
55
11
9
89
85
24
2
86
99
2
66
60
20
10
3
48
58
37
10
26
26
88
73
83
94
23
53
57
49
17
64
43
68
93
48
48
77
92
24
1
72
47
16
80
21
10
25
79
3
19
64
22
34
99
19
37
45
20
94
18
31
24
91
63
83
76
1
79
19
31
59
11
61
95
41
57
61
36
78
57
48
13
69
56
47
59
49
87
41
44
3
52
34
85
51
40
55
53
7
69
99
62
17
19
57
29
72
87
57
34
82
78
89
38
33
44
0
78
23
33
2
49
9
86
71
13
11
7
94
19
62
4
90
57
16
53
36
18
22
37
36
25
36
47
59
70
60
50
42
47
61
4
88
38
7
14
34
89
40
98
31
34
3
6
40
24
13
65
66
29
17
4
35
98
21
27
88
50
11
9
84
29
82
86
15
60
33
17
14
87
86
71
62
3
13
67
52
59
40
31
23
22
43
79
2
11
57
46
97
65
57
54
39
82
60
9
51
18
80
26
51
52
93
89
51
89
64
45
59
14
81
87
55
98
23
92
43
81
68
40
55
23
63
69
83
36
25
52
60
96
2
98
34
88
57
64
2
97
21
13
48
93
67
94
22
56
66
29
25
96
9
29
28
37
7
1
38
36
50
31
66
67
17
57
55
7
81
72
38
6
59
66
11
56
56
42
64
57
58
14
14
55
94
57
37
27
87
3
55
50
78
38
97
67
89
31
41
56
35
22
53
57
26
74
6
6
66
69
81
20
77
49
78
80
81
17
67
23
54
30
8
62
39
38
33
98
61
99
37
85
72
8
14
85
54
58
42
85
13
66
37
33
71
15
30
6
67
55
76
71
37
72
77
92
91
17
10
50
24
5
50
53
99
60
53
30
60
6
78
43
51
65
84
37
34
43
10
96
31
53
98
63
7
30
11
16
19
21
72
43
29
79
